27
58
37
9
234
215
73
91
104
143
27
58
37
9
234
215
73
91
104
143
27
58
37
9
234
215
73
91
104
143
27
58
37
9
234
215
73
91
104
143
27
58
37
9
234
215
73
91
104
143
27
58
37
9
234
215
73
91
104
143
27
58
37
9
234
215
73
91
104
143
27
58
37
9
234
215
73
91
104
143
27
58
37
9
234
215
73
91
104
143
27
58
37
9
234
215
73
91
104
143
27
58
37
9
234
215
73
91
104
143
27
58
37
9
234
215
73
91
104
143
27
58
37
9
234
215
73
91
104
143
27
58
37
9
234
215
73
91
104
143
27
58
37
9
234
215
73
91
104
143
27
58
37
9
234
215
73
91
104
143
27
58
37
9
234
215
73
91
104
143
27
58
37
9
234
215
73
91
104
143
27
58
37
9
234
215
73
91
104
143
27
58
37
9
234
215
73
91
104
143
27
58
37
9
234
215
73
91
104
143
27
58
37
9
234
215
73
91
104
143
27
58
37
9
234
215
73
91
104
143
27
58
37
9
234
215
73
91
104
143
27
58
37
9
234
215
73
91
104
143
27
58
37
9
234
215
73
91
104
143
27
58
37
9
234
215
73
91
104
143
27
58
37
9
234
215
73
91
104
143
27
58
37
9
234
215
73
91
104
143
27
58
37
9
234
215
73
91
104
143
27
58
37
9
234
215
73
91
104
143
27
58
37
9
234
215
73
91
104
143
27
58
37
9
234
215
73
91
104
143
27
58
37
9
234
215
73
91
104
143
27
58
37
9
234
215
73
91
104
143
27
58
37
9
234
215
73
91
104
143
27
58
37
9
234
215
73
91
104
143
27
58
37
9
234
215
73
91
104
143
27
58
37
9
234
215
73
91
104
143
27
58
37
9
234
215
73
91
104
143
27
58
37
9
234
215
73
91
104
143
27
58
37
9
234
215
73
91
104
143
27
58
37
9
234
215
73
91
104
143
27
58
37
9
234
215
73
91
104
143
27
58
37
9
234
215
73
91
104
143
27
58
37
9
234
215
73
91
104
143
27
58
37
9
234
215
73
91
104
143
27
58
37
9
234
215
73
91
104
143
27
58
37
9
234
215
73
91
104
143
27
58
37
9
234
215
73
91
104
143
